<?xml version="1.0" encoding="UTF-8"?>
<svg xmlns="http://www.w3.org/2000/svg" viewBox="0 0 1024 1024">
  <defs>
    <linearGradient id="bg" x1="0" y1="0" x2="0" y2="1">
      <stop offset="0%" stop-color="#f5e6d3"/>
      <stop offset="100%" stop-color="#c9956a"/>
    </linearGradient>
    <clipPath id="squircle">
      <path d="M 924.0,512.0 L 924.0,593.6 923.9,619.7 923.8,638.6 923.6,654.0 923.4,667.2 923.1,679.0 922.8,689.5 922.4,699.2 922.0,708.2 921.5,716.5 921.0,724.4 920.4,731.8 919.7,738.8 919.1,745.5 918.3,751.9 917.5,758.1 916.7,763.9 915.8,769.6 914.9,775.0 913.9,780.2 912.8,785.3 911.7,790.2 910.6,794.9 909.4,799.5 908.1,803.9 906.8,808.2 905.4,812.4 904.0,816.5 902.5,820.4 901.0,824.2 899.4,828.0 897.7,831.6 896.0,835.1 894.2,838.5 892.4,841.9 890.5,845.1 888.6,848.3 886.6,851.3 884.5,854.3 882.3,857.2 880.1,860.1 877.9,862.8 875.5,865.5 873.1,868.1 870.7,870.7 868.1,873.1 865.5,875.5 862.8,877.9 860.1,880.1 857.2,882.3 854.3,884.5 851.3,886.6 848.3,888.6 845.1,890.5 841.9,892.4 838.5,894.2 835.1,896.0 831.6,897.7 828.0,899.4 824.2,901.0 820.4,902.5 816.5,904.0 812.4,905.4 808.2,906.8 803.9,908.1 799.5,909.4 794.9,910.6 790.2,911.7 785.3,912.8 780.2,913.9 775.0,914.9 769.6,915.8 763.9,916.7 758.1,917.5 751.9,918.3 745.5,919.1 738.8,919.7 731.8,920.4 724.4,921.0 716.5,921.5 708.2,922.0 699.2,922.4 689.5,922.8 679.0,923.1 667.2,923.4 654.0,923.6 638.6,923.8 619.7,923.9 593.6,924.0 512.0,924.0 430.4,924.0 404.3,923.9 385.4,923.8 370.0,923.6 356.8,923.4 345.0,923.1 334.5,922.8 324.8,922.4 315.8,922.0 307.5,921.5 299.6,921.0 292.2,920.4 285.2,919.7 278.5,919.1 272.1,918.3 265.9,917.5 260.1,916.7 254.4,915.8 249.0,914.9 243.8,913.9 238.7,912.8 233.8,911.7 229.1,910.6 224.5,909.4 220.1,908.1 215.8,906.8 211.6,905.4 207.5,904.0 203.6,902.5 199.8,901.0 196.0,899.4 192.4,897.7 188.9,896.0 185.5,894.2 182.1,892.4 178.9,890.5 175.7,888.6 172.7,886.6 169.7,884.5 166.8,882.3 163.9,880.1 161.2,877.9 158.5,875.5 155.9,873.1 153.3,870.7 150.9,868.1 148.5,865.5 146.1,862.8 143.9,860.1 141.7,857.2 139.5,854.3 137.4,851.3 135.4,848.3 133.5,845.1 131.6,841.9 129.8,838.5 128.0,835.1 126.3,831.6 124.6,828.0 123.0,824.2 121.5,820.4 120.0,816.5 118.6,812.4 117.2,808.2 115.9,803.9 114.6,799.5 113.4,794.9 112.3,790.2 111.2,785.3 110.1,780.2 109.1,775.0 108.2,769.6 107.3,763.9 106.5,758.1 105.7,751.9 104.9,745.5 104.3,738.8 103.6,731.8 103.0,724.4 102.5,716.5 102.0,708.2 101.6,699.2 101.2,689.5 100.9,679.0 100.6,667.2 100.4,654.0 100.2,638.6 100.1,619.7 100.0,593.6 100.0,512.0 100.0,430.4 100.1,404.3 100.2,385.4 100.4,370.0 100.6,356.8 100.9,345.0 101.2,334.5 101.6,324.8 102.0,315.8 102.5,307.5 103.0,299.6 103.6,292.2 104.3,285.2 104.9,278.5 105.7,272.1 106.5,265.9 107.3,260.1 108.2,254.4 109.1,249.0 110.1,243.8 111.2,238.7 112.3,233.8 113.4,229.1 114.6,224.5 115.9,220.1 117.2,215.8 118.6,211.6 120.0,207.5 121.5,203.6 123.0,199.8 124.6,196.0 126.3,192.4 128.0,188.9 129.8,185.5 131.6,182.1 133.5,178.9 135.4,175.7 137.4,172.7 139.5,169.7 141.7,166.8 143.9,163.9 146.1,161.2 148.5,158.5 150.9,155.9 153.3,153.3 155.9,150.9 158.5,148.5 161.2,146.1 163.9,143.9 166.8,141.7 169.7,139.5 172.7,137.4 175.7,135.4 178.9,133.5 182.1,131.6 185.5,129.8 188.9,128.0 192.4,126.3 196.0,124.6 199.8,123.0 203.6,121.5 207.5,120.0 211.6,118.6 215.8,117.2 220.1,115.9 224.5,114.6 229.1,113.4 233.8,112.3 238.7,111.2 243.8,110.1 249.0,109.1 254.4,108.2 260.1,107.3 265.9,106.5 272.1,105.7 278.5,104.9 285.2,104.3 292.2,103.6 299.6,103.0 307.5,102.5 315.8,102.0 324.8,101.6 334.5,101.2 345.0,100.9 356.8,100.6 370.0,100.4 385.4,100.2 404.3,100.1 430.4,100.0 512.0,100.0 593.6,100.0 619.7,100.1 638.6,100.2 654.0,100.4 667.2,100.6 679.0,100.9 689.5,101.2 699.2,101.6 708.2,102.0 716.5,102.5 724.4,103.0 731.8,103.6 738.8,104.3 745.5,104.9 751.9,105.7 758.1,106.5 763.9,107.3 769.6,108.2 775.0,109.1 780.2,110.1 785.3,111.2 790.2,112.3 794.9,113.4 799.5,114.6 803.9,115.9 808.2,117.2 812.4,118.6 816.5,120.0 820.4,121.5 824.2,123.0 828.0,124.6 831.6,126.3 835.1,128.0 838.5,129.8 841.9,131.6 845.1,133.5 848.3,135.4 851.3,137.4 854.3,139.5 857.2,141.7 860.1,143.9 862.8,146.1 865.5,148.5 868.1,150.9 870.7,153.3 873.1,155.9 875.5,158.5 877.9,161.2 880.1,163.9 882.3,166.8 884.5,169.7 886.6,172.7 888.6,175.7 890.5,178.9 892.4,182.1 894.2,185.5 896.0,188.9 897.7,192.4 899.4,196.0 901.0,199.8 902.5,203.6 904.0,207.5 905.4,211.6 906.8,215.8 908.1,220.1 909.4,224.5 910.6,229.1 911.7,233.8 912.8,238.7 913.9,243.8 914.9,249.0 915.8,254.4 916.7,260.1 917.5,265.9 918.3,272.1 919.1,278.5 919.7,285.2 920.4,292.2 921.0,299.6 921.5,307.5 922.0,315.8 922.4,324.8 922.8,334.5 923.1,345.0 923.4,356.8 923.6,370.0 923.8,385.4 923.9,404.3 924.0,430.4 Z"/>
    </clipPath>
  </defs>
  <g clip-path="url(#squircle)">
    <rect width="1024" height="1024" fill="url(#bg)"/>
    <svg x="102" y="102" width="820" height="820" viewBox="0 0 256 256">
      @SOURCE_SVG@
    </svg>
  </g>
</svg>
